.Random.seed <-
c(403L, 10L, 252913299L, -1073709263L, -28391968L, 397124222L, 
-305426167L, 2054501179L, 240323338L, -943242516L, 1127923567L, 
-1587421019L, -1481651620L, -303830478L, -1186709203L, -576206873L, 
623038222L, 235069672L, 279548651L, -1918256247L, -124492008L, 
-458462650L, -1875604831L, -293671629L, 423408802L, 1827715988L, 
249463319L, 959055373L, 191800100L, 422813450L, -345623947L, 
450146767L, -1969194282L, 1500618368L, -791052093L, 1275289185L, 
-1746856240L, 105885742L, 689419737L, -109164053L, 1516977242L, 
364095004L, -1037154529L, 228514677L, -1786559988L, -1038511134L, 
1266303165L, -2076315849L, 1294587870L, -1719851752L, -1710258053L, 
-1746948583L, -301807960L, 2123416662L, -213024559L, -2063295357L, 
542490386L, -929461596L, -2120690073L, 1554171837L, -1037330124L, 
-1535141222L, -1693361947L, 1846184575L, -1122692090L, -1255913584L, 
1719405107L, -1309744687L, -1795161216L, 1753374302L, 793011625L, 
-1576934309L, -592561046L, -116415220L, 364472143L, -1690594299L, 
-1217942852L, 387521426L, 1516230797L, -1964843321L, -131876946L, 
953459208L, 1756464651L, 1737412329L, -912438856L, 2001675878L, 
-1464917247L, 1671128467L, 617856578L, -970882572L, -407512073L, 
51273709L, -1796740988L, 241766058L, 483009557L, -1010518865L, 
1172322998L, 1598814432L, 424117283L, 1675508545L, 93660720L, 
-1339558834L, 559586489L, -1215604533L, 774350202L, 1356208252L, 
54848703L, 1639000469L, 817930668L, 2139509634L, -707225251L, 
-1410820009L, -251900098L, -392464520L, 1330945115L, 353717177L, 
1534245384L, 2121900214L, -247670799L, 749437475L, -737367438L, 
-1005211452L, 822040199L, -726184355L, -1311821740L, -1046752646L, 
-456791611L, 2082085663L, 232036006L, 1754073136L, 1120328403L, 
-1678331663L, -646071264L, -150394178L, 1395203785L, 1965358203L, 
-633580982L, 1464428204L, -1967431249L, 1952254309L, 826611484L, 
1849334642L, 1432991725L, 1601746983L, -76726194L, 283157672L, 
838322859L, -1250918455L, 1700680664L, 189887110L, -759094431L, 
-140007693L, -921380510L, -677550124L, 1670271703L, 676067533L, 
-967929756L, 1500741194L, -2528331L, 1624086287L, 1049093142L, 
501747392L, 764680323L, -1393855327L, 40884880L, -273266322L, 
-1815468263L, 901307307L, -1600427622L, -262869668L, 1338655839L, 
91782197L, -57677876L, 1436594978L, -892801667L, 128646775L, 
905095070L, -41728424L, -1720488005L, -1943977639L, 580352744L, 
1599996694L, -1266514799L, 487217475L, 319779922L, 1260013284L, 
-2094726873L, 1610183037L, -332564364L, 493533786L, 1892832933L, 
1911588031L, -406890682L, 1469617616L, 950487027L, 1414135569L, 
-987824320L, 828819230L, 2142238697L, 1046797595L, -1559726294L, 
-749565876L, 445022223L, -150254779L, 571530492L, 154135378L, 
-1746162483L, 1384090759L, -1506093202L, 413051208L, -1918202549L, 
620220585L, -821128712L, -1663868634L, 1793557057L, 817179603L, 
-803350142L, -1681789516L, -385926857L, -1802752979L, -1821894332L, 
814632554L, -1453938475L, 906053231L, 615879542L, -323435360L, 
-777003677L, -2108068351L, 934227312L, -1693815152L, -1713142750L, 
1831170056L, 1248713868L, 1603588124L, 604722322L, -377607040L, 
-2082978796L, -48684248L, -636545990L, 1346604240L, -1983048596L, 
2057733812L, -256815086L, -454139936L, 618867660L, -790274592L, 
-75162590L, 745284904L, -40609524L, 1993993788L, -2056637198L, 
-390715152L, 1442768708L, -1613705128L, 1354711610L, -145524496L, 
1953649340L, 1354201620L, 1748561090L, 916842080L, 1514599804L, 
1174959312L, 843424802L, 1025992872L, 1301204364L, -1964256836L, 
-1058531278L, -1845296320L, 1960185524L, 1267097928L, 56304314L, 
277643024L, -1608818452L, -944723884L, -412350702L, -1918590560L, 
-1733630004L, 846790496L, -1075585854L, 168980008L, 58137004L, 
480854844L, -178203790L, -1861660880L, -614735836L, 1141354040L, 
1066947290L, 1606809488L, -522685188L, 1843592596L, 802304834L, 
288147968L, -1087109060L, -843894192L, -1516736350L, 1975575368L, 
1762822668L, -967247140L, -1807634350L, 1282821248L, -819099820L, 
-1143328792L, -1900608774L, 1381091152L, 467608620L, -1997743756L, 
-728723822L, 517513824L, 39465100L, -979816096L, 1110448354L, 
271518888L, 2102314700L, 221518332L, 701545394L, -890076176L, 
-742141500L, 717344088L, 565911930L, 1286885808L, 1899653564L, 
-589742508L, -290154046L, -563649760L, 439088060L, -1181224880L, 
2061564898L, -1154080920L, -1278773428L, -1138741508L, -1417464078L, 
-105038592L, 1863740532L, -1656418808L, 264234426L, -2018576944L, 
958576620L, 1522707348L, -1268037422L, 1465730144L, -278311604L, 
-226684128L, 1265277570L, -112229912L, 1397464044L, 1369669180L, 
1341916786L, 1310329712L, -1815102172L, -741959112L, -1914261094L, 
1487564240L, -873732676L, 1002106516L, 1168417410L, -233259584L, 
195008316L, -1127837040L, -191023326L, 916551176L, -631921908L, 
-974396516L, 1298029586L, 1475619712L, 1726348052L, 994538792L, 
1757777978L, -686423088L, 703625836L, -1604072396L, 1927991442L, 
1948383584L, 1108221260L, -1434446368L, -1657070686L, -2135606360L, 
645241996L, 2138747836L, -1682643854L, 1481746416L, -7814076L, 
-1397446568L, 907534394L, 1253943408L, 1884888636L, 412804884L, 
1344129730L, -286993696L, 1526465660L, -825717552L, -215772254L, 
-705147352L, -2130271988L, 219908028L, 1788490034L, 652966080L, 
-989433292L, -1838474552L, 1309508282L, 1283345552L, 1271170796L, 
822662740L, 1375790738L, -106658016L, -2014095412L, 239945952L, 
-1295200574L, -1078062040L, 2061237164L, 2133437116L, 100745714L, 
-623704528L, 1075533732L, 886481336L, 820427610L, 1459229840L, 
700930940L, -1928798444L, 1396809026L, 513232640L, 1556667324L, 
-1877360816L, 225124642L, 1483852360L, 2146392076L, -419623844L, 
1474925010L, 1171617280L, -1186139820L, -64290584L, -1107709702L, 
-335337776L, 1739786540L, 1669126388L, 950627730L, 665266528L, 
201123852L, 283151072L, 1623556706L, 726514344L, -724420020L, 
-1513379972L, 478031154L, 2111538800L, -1597392060L, 2029012952L, 
-1167769734L, 1939230256L, 749270972L, 1276556884L, 1399695426L, 
-750968672L, -754209092L, 1099696592L, -1306786974L, -181533976L, 
-224869550L, 1810025127L, 1516287729L, -2020174282L, 988347092L, 
-1067348379L, -131744657L, 122603176L, -809909242L, 516149555L, 
375868821L, 440525298L, 1377291840L, 908472233L, -619974117L, 
-1084847124L, -861516806L, 1031776303L, 1337141305L, 2126821966L, 
1582209692L, 2058747917L, -1883906953L, -353698688L, -82822434L, 
-1386387029L, -1570987347L, -1419806950L, 983443416L, -878762943L, 
693727987L, -2043726572L, 879780002L, -51823177L, 1358901633L, 
-546764922L, -1204001340L, 1186804981L, -386351777L, -276598856L, 
823796374L, -1205793629L, 370394725L, 450143106L, -50757392L, 
1731029145L, -763953013L, 493906300L, 1301272490L, 137136095L, 
1119962473L, -269264514L, 649275756L, 615862717L, -1749736825L, 
1719563888L, 766500110L, -1167793605L, 207628573L, 1065196490L, 
729601256L, -924579887L, 406362563L, 125190852L, -61415054L, 
1333005383L, 1293017105L, -1342305898L, -1782190860L, 140232325L, 
107597775L, 1846746824L, -1755261082L, 1599704467L, 1124208373L, 
-1473425710L, -889636576L, 631560457L, 1762692667L, -625630324L, 
-1554996710L, -1000676721L, 2048683481L, -321998226L, 1187586556L, 
-582626451L, -1448280809L, 1422866656L, 919117502L, -1206694773L, 
93235981L, -1249789126L, -635112584L, 1047044385L, -331363885L, 
-1082033932L, -15722110L, -1469076457L, -225584415L, 1931600934L, 
-1021812444L, 964059605L, -1632641665L, -702684136L, -1737749706L, 
-1427370557L, -1763572731L, -728727646L, 818011024L, 1813454649L, 
1456606187L, 1614167260L, -1474607862L, -1105261569L, -1513869751L, 
-1457194018L, 554214284L, -949566627L, 1982604135L, 1639532688L, 
-792127826L, 516109147L, 997278525L, 338741674L, 1754179144L, 
-842951055L, -1165154333L, -1068231964L, -640890350L, 635239911L, 
1854269873L, 1383358454L, -1493269996L, -1681003227L, 936771119L, 
-145994776L, 1834294470L, -1212102285L, -1602145835L, -1822784078L, 
-174187648L, -1139818647L, 1758786523L, -142165204L, -1862703814L, 
719838191L, -86167943L, -616875762L, 266922204L, 1837850445L, 
